Unique Name	Descriptor	Wide Peak Limits	Peak Limits	Region Limits	q values	Residual q values after removing segments shared with higher peaks	Broad or Focal	Amplitude Threshold	M494	M2671	M2753	MR702	M2746	M2711	M194	M2754	MR513	M2094	M2738	M844	MR777	MR836	MR684	MR855	M2759	M2710	M2760	M2271	M2330	M2730	M2721	MR848	MR695	M523	M2540	M2086	M2761	M2725	M2733	M2716	MR846	M077	M2666	M2724	M2729	M2747	M1121	M2708	M167	M2757	M351	M2494	MR845	M2439	M2654	M2722	M2647	M2397	M2745	M2687	M2651	M2756	M2683	M2669	MR828	M2695	MR656	MR776	M2640	M672	M2750	M2701	M2644	M2700	M2681	M172	M2703	M2713	M2758	M2560	M2677	M2748	M2686	M2653	M157	M2658	M2715	M2312	M2709	M2650	M2723	
Amplification Peak  1	1p34.1  	chr1:45335841-45526816(probes 4197:4216)        	chr1:45345715-45516840(probes 4198:4215)        	chr1:45345715-45546769(probes 4198:4218)        	0.22458	    0.22458		0: t<0.1; 1: 0.1<t< 0.9; 2: t>0.9	0	0	0	0	0	0	0	0	0	0	0	0	1	0	0	0	0	0	0	0	0	0	0	0	0	0	0	0	0	0	0	0	0	0	0	0	1	2	0	1	0	0	0	0	0	0	0	0	0	0	1	0	0	0	1	0	0	0	0	0	0	0	0	1	0	0	0	0	0	0	0	1	1	0	0	0	0	0	0	0	0	0	0	
Amplification Peak  2	1p12    	chr1:119752195-120863718(probes 11326:11419)  	chr1:119762038-120468127(probes 11327:11401)  	chr1:119762038-120882182(probes 11327:11421)  	0.14381	    0.14381		0: t<0.1; 1: 0.1<t< 0.9; 2: t>0.9	0	0	0	0	0	0	2	2	0	0	0	0	1	0	0	0	0	0	0	0	0	0	0	0	0	1	0	0	0	0	0	0	0	0	0	0	1	0	0	1	0	0	0	0	0	0	0	0	0	0	0	0	0	0	1	0	0	0	0	0	1	0	0	0	0	0	0	0	0	0	0	1	0	0	0	0	0	0	0	0	0	0	0	
Amplification Peak  3	3p12.1  	chr3:86001016-87006044(probes 49495:49506)      	chr3:86010850-86996107(probes 49496:49505)      	chr3:86010850-87025917(probes 49496:49508)      	0.10368	    0.10368		0: t<0.1; 1: 0.1<t< 0.9; 2: t>0.9	0	0	0	0	0	0	0	0	1	0	0	0	0	0	0	0	0	0	2	0	0	0	0	0	0	0	0	0	1	0	0	0	0	0	0	0	0	0	0	1	1	0	0	0	0	0	0	0	0	0	0	0	0	0	0	0	0	1	1	0	0	0	0	0	0	0	0	0	0	1	0	0	0	0	0	0	0	0	0	0	0	0	2	
Amplification Peak  4	3q26.2  	chr3:168566920-169900264(probes 56809:56923)  	chr3:168838947-169890583(probes 56816:56922)  	chr3:124716707-198022430(probes 52689:58571)  	3.2419e-05	 3.2419e-05		0: t<0.1; 1: 0.1<t< 0.9; 2: t>0.9	1	1	0	1	0	2	1	1	0	0	1	0	1	0	0	0	0	0	0	1	0	0	0	1	0	1	1	0	1	1	0	1	0	0	1	0	1	1	0	1	1	0	0	0	1	1	0	0	2	0	0	0	0	0	1	0	1	2	0	1	0	0	0	0	1	0	0	0	1	1	1	0	0	1	1	0	1	1	1	0	1	2	1	
Amplification Peak  5	5p15.33 	chr5:1-1533836(probes 72447:72554)                 	chr5:1060380-1401042(probes 72505:72539)          	chr5:1-1553479(probes 72447:72556)                 	0.11002	    0.11002		0: t<0.1; 1: 0.1<t< 0.9; 2: t>0.9	0	1	0	0	0	2	0	1	0	0	1	0	0	0	1	0	1	0	1	1	2	0	0	0	0	1	1	0	0	0	0	2	0	0	1	0	0	0	0	2	1	0	0	1	0	1	0	0	1	0	0	0	0	0	0	0	0	2	1	0	1	0	1	1	1	0	0	0	0	2	0	0	0	0	0	0	0	1	1	0	0	1	1	
Amplification Peak  6	6p21.1  	chr6:40996207-42023344(probes 90120:90217)      	chr6:40999706-42018349(probes 90123:90216)      	chr6:37225767-44826670(probes 89854:90453)      	0.001482	   0.001482		0: t<0.1; 1: 0.1<t< 0.9; 2: t>0.9	0	0	0	0	0	0	0	1	2	0	1	0	0	0	0	0	0	0	2	0	0	0	0	0	0	1	0	0	0	1	0	1	0	0	0	1	0	0	0	0	0	0	0	0	0	0	1	0	0	0	0	0	0	0	0	1	0	1	1	1	0	0	0	1	0	0	0	0	0	1	0	0	0	0	1	0	0	1	1	0	0	2	0	
Amplification Peak  7	7q22.1  	chr7:99198245-100458945(probes 109671:109794)  	chr7:99208074-100451732(probes 109672:109793)  	chr7:90895208-101490810(probes 108990:109911)  	3.6059e-06	 3.6059e-06		0: t<0.1; 1: 0.1<t< 0.9; 2: t>0.9	0	1	0	0	0	1	1	2	1	0	1	0	0	0	0	0	0	0	1	0	2	0	0	0	0	0	0	1	2	0	1	2	0	2	2	0	1	1	0	0	0	0	0	1	0	1	0	0	1	0	0	0	0	0	1	1	0	0	0	0	0	0	1	1	0	0	0	0	1	0	0	0	0	1	0	0	1	0	0	0	0	1	1	
Amplification Peak  8	8q24.21 	chr8:128089647-128438155(probes 124813:124816)	chr8:128099570-128428308(probes 124814:124815)	chr8:110397973-146364022(probes 123359:126364)	4.9455e-09	 2.9424e-05		0: t<0.1; 1: 0.1<t< 0.9; 2: t>0.9	0	1	2	0	0	0	1	1	1	0	1	0	0	0	0	1	1	0	1	0	1	1	0	2	1	1	0	0	2	1	0	1	1	1	1	0	0	0	0	1	0	1	1	1	0	1	1	0	2	0	0	0	0	0	1	1	1	2	1	1	0	0	1	1	0	0	0	0	1	1	0	0	1	2	1	0	1	0	1	0	0	1	2	
Amplification Peak  9	8q24.21 	chr8:131094489-131379187(probes 125011:125038)	chr8:131104443-131370421(probes 125012:125037)	chr8:110397973-146364022(probes 123359:126364)	1.3664e-08	 0.00048148		0: t<0.1; 1: 0.1<t< 0.9; 2: t>0.9	0	1	2	0	0	0	1	1	1	0	1	0	0	0	0	1	1	0	1	0	1	1	0	1	1	1	0	0	2	1	0	1	1	1	1	0	0	0	0	1	0	1	1	1	0	1	1	0	2	0	0	0	0	0	1	1	1	2	1	1	0	0	1	1	0	0	0	0	1	1	0	0	1	2	1	0	1	0	1	0	0	1	2	
Amplification Peak 10	10q22.2 	chr10:75325881-76864484(probes 137804:137954)  	chr10:75335513-76854530(probes 137805:137953)  	chr10:75255617-81067004(probes 137796:138367)  	0.0085371	  0.0085371		0: t<0.1; 1: 0.1<t< 0.9; 2: t>0.9	0	0	0	0	0	0	0	0	0	0	0	0	0	0	0	0	0	0	1	0	0	0	0	0	0	0	2	0	1	0	0	0	0	0	0	0	0	0	0	0	0	0	0	0	0	0	0	0	0	0	0	0	0	0	0	1	0	0	0	0	0	0	1	1	2	0	1	0	0	1	0	0	0	0	2	0	0	0	0	0	0	0	0	
Amplification Peak 11	11q13.3 	chr11:68520416-70284406(probes 149633:149798)  	chr11:68855484-70275275(probes 149668:149797)  	chr11:68530307-70835286(probes 149634:149856)  	0.054543	   0.054543		0: t<0.1; 1: 0.1<t< 0.9; 2: t>0.9	0	1	1	0	0	2	0	0	1	0	1	0	0	0	2	0	0	0	1	1	0	0	0	0	0	0	0	0	0	0	0	0	0	0	1	0	0	0	0	0	1	0	0	0	0	0	0	0	0	0	1	0	0	0	0	0	0	2	0	0	0	0	1	1	0	1	0	1	1	2	0	0	0	0	0	0	0	0	0	0	0	0	1	
Amplification Peak 12	12p12.1 	chr12:24093712-25514791(probes 157502:157571)  	chr12:24103710-25505539(probes 157503:157570)  	chr12:21329947-27156896(probes 157312:157736)  	2.3929e-05	 2.3929e-05		0: t<0.1; 1: 0.1<t< 0.9; 2: t>0.9	0	1	1	0	2	2	2	1	1	0	1	0	2	0	1	2	0	0	1	0	1	0	1	0	0	0	0	0	2	0	0	2	0	0	1	1	1	1	0	1	0	1	2	1	1	0	0	0	2	0	1	0	0	0	1	0	1	2	0	0	2	1	1	0	1	0	0	0	0	0	1	0	0	0	1	0	1	0	1	0	1	1	1	
Amplification Peak 13	12q15   	chr12:69297882-71528931(probes 161245:161448)  	chr12:69307648-70704721(probes 161246:161383)  	chr12:69307648-71548600(probes 161246:161450)  	0.10368	    0.12386		0: t<0.1; 1: 0.1<t< 0.9; 2: t>0.9	0	0	1	0	0	0	1	0	0	0	0	0	0	0	0	1	0	0	1	0	0	0	1	0	0	0	0	0	0	0	0	0	0	0	0	0	1	0	0	2	0	0	2	1	1	0	0	0	1	0	1	0	0	0	0	0	0	0	0	0	0	0	1	0	0	0	0	0	1	0	1	0	0	0	0	0	0	0	1	0	1	0	0	
Amplification Peak 14	15q26.3 	chr15:97628953-100183245(probes 189638:189787)	chr15:97638939-100173395(probes 189639:189786)	chr15:89198812-102531392(probes 188864:189874)	0.0024537	  0.0024537		0: t<0.1; 1: 0.1<t< 0.9; 2: t>0.9	0	0	0	0	0	0	0	1	2	0	0	1	0	0	1	0	0	0	1	1	1	0	0	0	0	0	0	0	2	0	0	0	0	0	0	0	1	0	0	0	0	0	0	0	0	0	0	0	0	0	0	0	0	0	0	0	0	2	0	0	0	0	0	1	1	0	0	0	1	2	0	1	0	1	0	0	0	0	0	0	0	0	1	
Amplification Peak 15	16p13.2 	chr16:1-33735506(probes 189875:192650)          	chr16:7760823-8996130(probes 190277:190321)      	chr16:7760823-9025512(probes 190277:190324)      	0.22458	    0.22458		0: t<0.1; 1: 0.1<t< 0.9; 2: t>0.9	0	1	1	1	0	0	0	0	0	0	0	0	0	0	0	0	0	0	1	1	0	0	0	0	0	0	0	0	0	0	0	1	0	0	0	0	0	0	0	1	1	0	0	0	0	0	0	0	0	0	0	0	0	0	0	0	0	1	0	0	0	1	1	1	1	0	0	0	0	1	0	1	0	1	0	0	0	0	0	0	0	0	1	
Amplification Peak 16	17p11.2 	chr17:19278371-19398758(probes 198575:198584)  	chr17:19287985-19398694(probes 198576:198583)  	chr17:19287985-19552476(probes 198576:198596)  	0.17185	    0.18011		0: t<0.1; 1: 0.1<t< 0.9; 2: t>0.9	1	0	0	0	0	1	0	0	0	0	0	0	0	0	0	0	0	0	1	0	0	0	0	0	0	0	0	0	0	0	0	0	0	0	0	0	1	0	0	0	0	0	1	0	0	0	0	0	0	0	1	0	0	0	0	0	0	1	0	1	0	0	0	0	0	0	0	0	1	1	1	0	0	0	1	0	0	0	0	0	0	0	2	
Amplification Peak 17	17q12   	chr17:37776249-37906574(probes 199974:199987)  	chr17:37785559-37898468(probes 199975:199986)  	chr17:32965191-38444005(probes 199515:200042)  	3.2419e-05	  3.889e-05		0: t<0.1; 1: 0.1<t< 0.9; 2: t>0.9	0	0	0	0	0	1	1	2	1	0	1	2	0	0	0	0	0	0	1	0	0	0	0	0	1	1	0	0	1	0	0	0	0	0	1	0	1	2	0	0	0	0	0	0	0	0	0	1	0	0	1	0	0	0	0	0	1	1	0	0	0	0	0	1	0	0	0	0	1	0	1	0	0	0	1	0	1	1	1	0	0	1	0	
Amplification Peak 18	17q23.2 	chr17:60517883-61278300(probes 202116:202184)  	chr17:60663595-61271527(probes 202132:202183)  	chr17:60526065-61343636(probes 202117:202188)  	0.0060187	  0.0072598		0: t<0.1; 1: 0.1<t< 0.9; 2: t>0.9	1	1	0	0	0	1	0	1	0	0	1	0	0	0	0	0	0	0	1	0	0	0	0	0	2	1	1	0	1	0	0	0	0	0	0	0	1	0	0	0	0	0	0	0	0	0	0	0	0	0	1	0	0	0	0	0	0	0	2	0	0	0	0	1	0	0	0	0	0	0	1	0	0	0	1	0	1	1	0	0	1	1	0	
Amplification Peak 19	19p13.12	chr19:15112417-15861457(probes 204872:204953)  	chr19:15122247-15740158(probes 204873:204938)  	chr19:15122247-15879221(probes 204873:204955)  	0.15859	    0.15859		0: t<0.1; 1: 0.1<t< 0.9; 2: t>0.9	0	0	0	0	0	0	0	0	1	0	1	1	0	2	0	0	0	0	0	0	0	0	0	0	0	0	0	0	0	0	0	1	0	0	0	0	0	0	0	0	0	0	0	0	0	0	0	0	0	0	0	0	0	0	0	0	0	0	0	0	0	2	0	1	0	0	0	0	0	0	0	0	0	0	0	0	1	0	0	0	0	0	0	
Amplification Peak 20	19q13.11	chr19:33349952-34521670(probes 206046:206149)  	chr19:33904370-34291283(probes 206104:206140)  	chr19:28297051-41752734(probes 205815:206878)  	1.2978e-05	   0.056581		0: t<0.1; 1: 0.1<t< 0.9; 2: t>0.9	0	0	1	0	1	1	0	1	0	0	0	1	2	2	1	0	0	0	1	0	1	0	0	0	0	1	1	0	1	0	0	2	0	0	0	0	1	0	0	1	0	0	0	2	0	0	0	0	0	0	1	0	0	1	0	1	0	1	0	0	0	0	0	1	1	0	0	0	1	0	1	0	0	0	0	0	1	0	1	0	1	2	0	
Amplification Peak 21	19q13.2 	chr19:40086163-40207255(probes 206710:206722)  	chr19:40096128-40197274(probes 206711:206721)  	chr19:28297051-41752734(probes 205815:206878)  	2.9595e-11	 8.2671e-10		0: t<0.1; 1: 0.1<t< 0.9; 2: t>0.9	0	0	1	1	1	1	0	2	0	0	0	2	2	2	2	0	0	0	1	0	1	0	0	0	0	1	2	0	0	0	0	2	0	0	0	0	1	0	0	1	0	0	0	2	0	0	0	0	0	0	1	0	0	1	0	2	0	1	1	0	0	0	0	1	1	0	0	0	1	0	1	0	0	0	0	0	1	0	1	0	0	2	0	
Amplification Peak 22	19q13.41	chr19:51847828-52827373(probes 207926:208024)  	chr19:52327869-52477673(probes 207974:207989)  	chr19:51857794-55003158(probes 207927:208246)  	0.0027949	   0.012608		0: t<0.1; 1: 0.1<t< 0.9; 2: t>0.9	0	0	1	0	1	1	0	0	0	0	0	0	1	0	0	0	0	0	1	0	1	0	0	0	0	1	0	0	0	0	0	0	0	0	0	0	1	0	0	1	0	0	0	1	0	0	0	0	0	0	0	0	0	1	0	0	0	1	1	0	0	0	1	1	1	1	0	0	1	0	1	0	0	0	0	0	1	0	1	0	1	2	0	
Deletion Peak  1	1p36.11 	chr1:16776304-31195862(probes 1458:2829)        	chr1:27272591-27533460(probes 2525:2551)        	chr1:1-33179658(probes 1:3040)                   	1.1831e-06	 1.1831e-06		0: t>-0.1; 1: -0.1>t> -1.3; 2: t< -1.3	0	1	0	1	1	1	1	0	1	1	0	0	0	0	0	1	0	0	0	1	1	1	1	1	1	0	1	0	1	0	0	0	1	1	0	0	0	1	0	1	1	1	1	0	1	1	0	0	0	0	1	0	0	0	0	0	0	0	0	0	1	0	1	0	0	1	1	0	0	0	1	0	1	0	1	0	1	1	1	0	1	1	1	
Deletion Peak  2	3p21.2  	chr3:29466467-66303656(probes 44039:47579)      	chr3:50338085-53372175(probes 46113:46421)      	chr3:29476463-66323585(probes 44040:47581)      	0.00077043	 0.00077043		0: t>-0.1; 1: -0.1>t> -1.3; 2: t< -1.3	0	1	0	1	0	0	1	0	0	1	0	0	0	0	1	1	1	0	1	1	0	1	1	0	1	1	0	0	0	0	0	0	1	0	1	1	0	1	0	0	1	1	1	1	1	1	0	0	1	0	1	0	0	0	1	1	1	0	0	0	0	1	0	0	0	1	1	0	0	0	0	1	0	1	0	0	1	1	0	1	1	1	1	
Deletion Peak  3	6q25.3  	chr6:70598973-171115067(probes 92401:101223)   	chr6:158927614-160157236(probes 101014:101132)	chr6:158613183-171115067(probes 100986:101223)	0.056232	   0.056232		0: t>-0.1; 1: -0.1>t> -1.3; 2: t< -1.3	1	1	0	0	1	0	1	0	1	1	1	0	1	0	0	0	0	0	1	1	1	1	0	0	1	1	0	1	0	0	0	0	1	0	0	0	0	0	0	0	1	0	1	1	0	1	1	1	1	0	1	0	0	1	1	1	1	0	1	0	0	0	1	0	1	1	0	0	0	1	1	0	0	0	1	0	0	1	1	0	0	0	0	
Deletion Peak  4	7q31.33 	chr7:100601843-159138663(probes 109819:113878)	chr7:124675345-126935976(probes 112191:112391)	chr7:123610252-127321951(probes 112088:112429)	0.051215	   0.051215		0: t>-0.1; 1: -0.1>t> -1.3; 2: t< -1.3	0	1	0	1	0	0	0	0	1	1	1	0	1	0	0	1	0	0	1	1	0	0	0	0	1	1	0	0	1	0	1	1	1	1	0	0	0	0	0	0	0	0	0	0	0	1	0	0	0	0	0	0	0	0	0	0	0	0	0	1	0	0	0	0	1	0	0	0	0	0	0	0	1	0	1	0	0	1	0	0	0	0	0	
Deletion Peak  5	8p23.1  	chr8:1-28937524(probes 113879:116119)            	chr8:8103020-9667630(probes 114047:114193)        	chr8:1-35408745(probes 113879:116589)            	1.7511e-05	   0.094351		0: t>-0.1; 1: -0.1>t> -1.3; 2: t< -1.3	0	1	0	1	1	1	1	0	1	0	1	1	1	1	0	0	1	0	1	1	0	1	0	1	0	1	1	0	1	1	0	1	1	1	1	1	0	0	0	1	1	0	1	1	0	0	1	1	0	0	1	0	0	1	0	1	1	1	1	0	1	0	1	0	1	0	1	1	1	1	0	1	1	0	1	0	1	1	1	0	1	1	1	
Deletion Peak  6	8p21.2  	chr8:1-33376986(probes 113879:116410)            	chr8:25193802-25897705(probes 115739:115809)    	chr8:1-35408745(probes 113879:116589)            	5.6079e-06	  0.0097766		0: t>-0.1; 1: -0.1>t> -1.3; 2: t< -1.3	0	1	1	1	1	1	1	0	1	0	1	1	1	1	0	0	1	0	1	1	0	1	0	1	0	0	1	0	1	1	0	1	1	1	1	1	0	0	0	1	1	0	1	1	0	0	1	1	0	0	1	0	0	1	1	1	1	1	1	0	1	0	1	0	1	0	1	1	1	0	0	1	1	0	1	0	1	1	1	0	1	1	1	
Deletion Peak  7	9p21.3  	chr9:21853650-22447421(probes 128205:128216)    	chr9:21862029-22447301(probes 128206:128215)    	chr9:1-34400744(probes 126365:128846)             	3.0177e-75	 3.0177e-75		0: t>-0.1; 1: -0.1>t> -1.3; 2: t< -1.3	1	1	0	1	1	1	1	1	1	1	1	1	1	1	1	1	1	0	1	1	0	1	1	1	1	1	0	0	1	1	0	1	1	1	1	1	0	1	0	1	1	1	1	1	0	1	1	1	1	0	1	0	0	1	1	1	1	1	1	1	1	1	1	1	1	1	1	1	1	1	1	1	0	1	1	0	1	1	1	1	0	1	0	
Deletion Peak  8	10p12.31	chr10:19017623-19445102(probes 132959:132981)  	chr10:19027191-19435114(probes 132960:132980)  	chr10:19027191-19465077(probes 132960:132983)  	0.062176	   0.062176		0: t>-0.1; 1: -0.1>t> -1.3; 2: t< -1.3	0	1	0	0	0	1	1	0	0	0	1	0	1	1	0	0	0	0	0	0	0	1	0	0	0	0	1	0	0	0	0	0	0	0	1	1	1	0	0	1	0	1	0	1	0	1	1	0	0	0	0	0	0	0	0	0	0	0	1	0	0	0	0	0	1	0	1	0	0	0	1	0	0	0	1	0	1	0	0	0	0	0	1	
Deletion Peak  9	13q12.11	chr13:1-23959312(probes 166637:166957)         	chr13:1-23708715(probes 166637:166932)         	chr13:1-23737732(probes 166637:166935)         	0.19545	    0.19545		0: t>-0.1; 1: -0.1>t> -1.3; 2: t< -1.3	0	0	0	1	0	1	0	1	0	0	1	0	0	1	0	0	0	0	0	1	1	0	1	0	0	1	1	0	0	0	0	0	0	0	0	1	0	0	0	0	1	0	0	1	0	1	0	1	1	0	0	0	0	1	0	1	0	1	1	0	1	0	1	0	1	0	0	0	0	1	0	1	0	0	0	0	1	1	0	0	0	1	1	
Deletion Peak 10	17p11.2 	chr17:18344598-18492876(probes 198485:198497)  	chr17:18344604-18483925(probes 198486:198496)  	chr17:1-21203824(probes 198170:198770)         	3.0635e-09	 3.0635e-09		0: t>-0.1; 1: -0.1>t> -1.3; 2: t< -1.3	0	1	0	1	1	0	1	1	1	1	1	1	0	1	1	0	1	0	0	1	1	1	1	0	1	1	1	0	1	0	0	1	1	1	1	0	0	1	0	0	1	0	1	1	1	1	1	1	1	0	1	0	0	1	1	1	1	0	1	1	1	1	1	0	1	0	1	0	0	1	0	1	1	1	1	0	1	1	1	0	1	1	0	
Deletion Peak 11	19p13.3 	chr19:1872647-2083580(probes 203524:203543)      	chr19:1881546-2076833(probes 203525:203542)      	chr19:1-12812873(probes 203491:204642)          	4.4399e-05	 4.4399e-05		0: t>-0.1; 1: -0.1>t> -1.3; 2: t< -1.3	0	1	0	0	1	1	0	1	1	1	0	1	1	1	1	1	1	0	1	1	1	0	0	0	1	1	1	0	1	0	0	0	0	0	1	0	1	0	0	1	1	1	1	1	1	0	1	0	1	0	1	0	0	1	0	1	1	0	1	0	1	1	1	0	1	1	0	1	0	0	0	1	1	0	1	0	1	0	0	0	1	0	1	
Amplification Peak  1 - CN values	1p34.1  	chr1:45335841-45526816(probes 4197:4216)        	chr1:45345715-45516840(probes 4198:4215)        	chr1:45345715-45546769(probes 4198:4218)        	0.22458	    0.22458		Actual Copy Change Given	0.016705	-0.36759	0	0.02511	-0.56803	-0.031632	-0.14168	0.029325	-0.23826	-0.15324	0	0.022304	0.30058	0.0013868	-0.089434	-0.18496	0.0083351	0	-0.0055375	0.076279	-0.37098	-0.15579	0.066229	0.0027745	-0.36873	0.0097276	0.057653	-0.0013858	-0.45351	-0.0096806	0	0.013911	-0.12875	-0.10263	-0.069466	-0.06142	0.11111	3.6569	0	0.33593	-0.20249	-0.15579	-0.23092	-0.016567	-0.17107	-0.12095	0.0055529	0	0.0013868	-0.01106	0.47598	-0.0069195	-0.0083005	0.0069435	0.17498	0	0.0069435	-0.016567	0.0055529	0.0083351	-0.56604	0.0055529	-0.15195	0.12432	-0.035721	0.030732	0.019503	0.012516	0.067661	-0.045228	0.097979	0.14801	0.1901	-0.019314	0.082095	-0.0027707	-0.22846	0.011121	-0.21119	-0.0013858	-0.21491	-0.2781	-0.26252	
Amplification Peak  2 - CN values	1p12    	chr1:119752195-120863718(probes 11326:11419)  	chr1:119762038-120468127(probes 11327:11401)  	chr1:119762038-120882182(probes 11327:11421)  	0.14381	    0.14381		Actual Copy Change Given	0.016705	0.067661	0	0.02511	0.016705	-0.031632	1.2154	2.9588	-0.23826	-0.15324	-0.16853	0.022304	0.30058	0.0013868	-0.089434	-0.12746	0.0083351	0	-0.13264	0.076279	-0.37098	-0.15579	0.044857	0.0027745	-0.36873	0.18707	0.057653	-0.0013858	-0.45351	-0.0096806	0	0.013911	-0.12875	-0.10263	-0.069466	-0.06142	0.11111	0.03214	0	0.18404	-0.23948	-0.047936	-0.24922	-0.016567	-0.1609	-0.12095	0.0055529	0	0.0013868	-0.01106	0.040609	-0.0069195	-0.0083005	0.0069435	0.16595	0	0.0069435	-0.016567	0.0055529	0.0083351	0.84613	0.0055529	-0.15195	0.073402	0.044857	0.030732	-0.54502	0.012516	0.027919	-0.045228	0.080601	0.14801	0	-0.019314	-0.27806	-0.0027707	-0.50929	0.011121	-0.21119	-0.0013858	-0.066788	-0.1774	-0.26252	
Amplification Peak  3 - CN values	3p12.1  	chr3:86001016-87006044(probes 49495:49506)      	chr3:86010850-86996107(probes 49496:49505)      	chr3:86010850-87025917(probes 49496:49508)      	0.10368	    0.10368		Actual Copy Change Given	0.012516	-0.3755	0.0013868	-0.20622	0.0083351	-0.031632	-0.14682	-0.097363	0.12579	-0.15324	-0.062764	0.0083351	-0.01106	0	0.029325	-0.031632	-0.41333	0.0083351	1.8079	-0.66947	0.022304	0.023706	0.053379	0.03637	-0.28287	-0.20622	0.022304	-0.017941	0.39164	-0.096044	0.016705	-0.039801	-0.11704	-0.019314	-0.38783	-0.1391	-0.0041546	-0.73073	0.012516	0.29421	0.23767	-0.2407	0	0.037782	0	-0.15195	0.018103	0.016705	-0.66114	0.0013868	-0.53896	0.0097276	0.0083351	0.0083351	-0.25769	-0.30298	-0.41223	0.23767	0.13761	0.0083351	0.0027745	-0.32751	0	-0.034359	0.079159	0	-0.52777	0.047694	-0.16726	0.27363	0.03214	-0.19375	0.0083351	-0.0069195	0	0.0027745	-0.31587	-0.44383	0.0055529	-0.01106	0.083487	-0.33791	3.6569	
Amplification Peak  4 - CN values	3q26.2  	chr3:168566920-169900264(probes 56809:56923)  	chr3:168838947-169890583(probes 56816:56922)  	chr3:124716707-198022430(probes 52689:58571)  	3.2419e-05	 3.2419e-05		Actual Copy Change Given	0.50186	0.38998	0.0013868	0.38833	0.0083351	2.1843	0.14652	0.27995	-0.25285	0.03214	0.35381	0.0083351	0.27363	0	0.029325	-0.031632	-0.0055375	0.0083351	-0.017941	0.6666	0.022304	0.023706	0.053379	0.21299	0.033549	0.43682	0.54735	-0.065447	0.39164	0.3933	0.016705	0.7683	-0.11704	-0.019314	0.33108	0.012516	0.10818	0.62442	0.012516	0.28628	0.23767	0.069095	0	0.037782	0.15696	0.42671	0.018103	0.016705	1.0589	0.0013868	0.047694	0.0097276	0.0083351	0.018103	0.40327	0.029325	0.6666	1.2221	0.09072	0.30058	0.0027745	-0.0013858	0	-0.057385	0.53327	-0.14168	0.0055529	0.047694	0.1038	0.22068	0.21299	-0.19375	0.0083351	0.52101	0.18561	0.0027745	0.15248	0.44189	0.37347	-0.01106	0.12432	1.5382	0.45037	
Amplification Peak  5 - CN values	5p15.33 	chr5:1-1533836(probes 72447:72554)                 	chr5:1060380-1401042(probes 72505:72539)          	chr5:1-1553479(probes 72447:72556)                 	0.11002	    0.11002		Actual Copy Change Given	-0.023429	0.41329	-0.0069195	0.0069435	-0.0013858	0.95878	-0.13781	0.30537	-0.2589	0.03214	0.20534	-0.0096806	0.011121	0.013911	0.27206	-0.020687	0.2176	-0.0013858	0.17799	0.19162	0.93223	-0.16726	0	-0.023429	-0.022058	0.15696	0.50533	0	0.099433	0	0	1.3357	0.030732	0.040609	0.32624	0.034959	0.02511	0.076279	0.026514	1.0022	0.5403	0.080601	0.012516	0.18859	-0.10526	0.16145	0.0097276	0.0027745	0.13613	-0.01106	0.051956	0.013911	0.0083351	0	-0.0069195	0.030732	-0.0027707	0.93223	0.34567	0	0.88986	0	0.13169	0.16595	0.27679	-0.081472	-0.01106	0.0041632	0.0083351	1.4153	0.051956	0.087824	0.012516	-0.015191	-0.01101	-0.0013858	0.027919	0.80889	0.47426	-0.0069195	-0.16472	0.22222	0.45037	
Amplification Peak  6 - CN values	6p21.1  	chr6:40996207-42023344(probes 90120:90217)      	chr6:40999706-42018349(probes 90123:90216)      	chr6:37225767-44826670(probes 89854:90453)      	0.001482	   0.001482		Actual Copy Change Given	-0.022058	-0.34824	-0.0013858	-0.051991	0.019503	-0.080141	0.069095	0.38502	1.6276	0.015308	0.25636	-0.0041546	-0.26853	-0.0027707	0	0.076279	0.0083351	-0.0027707	1.6225	-0.030267	0.0069435	0.019503	-0.089434	-0.068127	-0.26733	0.10818	0.019503	0.029325	-0.48743	0.5245	-0.0069195	0.73967	-0.17234	0.033549	-0.37471	0.53151	-0.035721	-0.022058	0.02511	0.079159	-0.065447	-0.26011	-0.51856	-0.31821	-0.23582	-0.038442	0.20381	0.079159	-0.0055375	-0.032996	0.07053	-0.047936	-0.0041546	-0.20498	-0.01106	0.28153	-0.41333	0.5088	0.2974	0.51228	0	0	-0.13393	0.14355	-0.01106	0.057653	0.063366	-0.0096806	0.082043	0.31338	-0.20622	0.067661	-0.082801	-0.019314	0.37847	0.0055529	0.022304	0.51577	0.11844	-0.015191	-0.21614	2.2105	0.0027745	
Amplification Peak  7 - CN values	7q22.1  	chr7:99198245-100458945(probes 109671:109794)  	chr7:99208074-100451732(probes 109672:109793)  	chr7:90895208-101490810(probes 108990:109911)  	3.6059e-06	 3.6059e-06		Actual Copy Change Given	0	0.37019	-0.01106	-0.33906	-0.0069195	0.28311	0.17347	1.2648	0.2084	-0.15452	0.61353	0	-0.61777	-0.013815	0.084932	-0.10788	0.013911	0.0013868	0.32624	0	3.3258	0	-0.076145	0.0055529	0.029325	-0.16599	0.023706	0.73587	1.2693	0.012516	0.37512	2.8653	-0.15452	1.3127	2.8703	-0.035721	0.11404	0.64818	0.022304	-0.0041546	0.060508	0.050534	0.026514	0.26106	-0.1774	0.32947	-0.0013858	0	0.56152	0.018103	0.063366	0	0.0097276	0.0041632	0.4402	0.18404	-0.0069195	-0.015191	0.095072	-0.34939	-0.0069195	0.012516	0.13465	0.18404	-0.15707	-0.017941	0.0083351	-0.019314	0.12138	-0.043873	0.087824	0.067661	-0.015191	0.4863	-0.06674	-0.0055375	0.33108	-0.46632	0.0041632	-0.0027707	-0.22231	0.30218	0.2548	
Amplification Peak  8 - CN values	8q24.21 	chr8:128089647-128438155(probes 124813:124816)	chr8:128099570-128428308(probes 124814:124815)	chr8:110397973-146364022(probes 123359:126364)	4.9455e-09	 2.9424e-05		Actual Copy Change Given	-0.020687	0.6629	2.3893	0.022304	-0.0013858	0.0041632	0.47942	0.27363	0.16895	0.064797	0.63171	0.013911	-0.26492	0.013784	-0.074811	0.805	0.35381	-0.0013858	0.75681	0.076279	0.27995	0.1901	-0.085457	0.96699	0.12138	0.35055	0.049114	-0.40008	1.1054	0.10818	-0.0069195	0.28945	0.36362	0.34567	0.38337	0.07053	-0.0013858	0	0.016705	0.21914	0.077718	0.74918	0.47598	0.34404	0	0.1155	0.22222	0.0069435	1.0189	0.011121	-0.068127	0.0055529	0.0097276	-0.013815	0.65369	0.52801	0.35545	1.5137	0.67771	0.32624	0.0013868	0.011121	0.13465	0.13761	0.044857	-0.080141	-0.0096806	0.086377	0.19619	0.25168	0.073402	-0.49162	0.3408	0.96493	0.24706	0.0041632	0.44867	-0.019314	0.64818	0.0069435	0.077718	0.30537	3.6569	
Amplification Peak  9 - CN values	8q24.21 	chr8:131094489-131379187(probes 125011:125038)	chr8:131104443-131370421(probes 125012:125037)	chr8:110397973-146364022(probes 123359:126364)	1.3664e-08	 0.00048148		Actual Copy Change Given	-0.020687	0.6629	2.3893	0.022304	-0.0013858	0.0041632	0.47942	0.27363	0.16895	0.064797	0.63171	0.013911	-0.26492	0.013784	-0.074811	0.805	0.35381	-0.0013858	0.75681	0.076279	0.27995	0.1901	-0.085457	0.20687	0.12138	0.35055	0.049114	-0.40008	1.1054	0.10818	-0.0069195	0.28945	0.36362	0.34567	0.38337	0.07053	-0.0013858	0	0.016705	0.21914	0.077718	0.74918	0.47598	0.34404	0	0.1155	0.22222	0.0069435	1.0189	0.011121	-0.068127	0.0055529	0.0097276	-0.013815	0.65369	0.52801	0.35545	1.5137	0.67771	0.32624	0.0013868	0.011121	0.13465	0.13761	0.044857	-0.080141	-0.0096806	0.086377	0.19619	0.25168	0.073402	-0.49162	0.3408	0.96493	0.24706	0.0041632	0.44867	-0.019314	0.64818	0.0069435	0.077718	0.30537	3.6569	
Amplification Peak 10 - CN values	10q22.2 	chr10:75325881-76864484(probes 137804:137954)  	chr10:75335513-76854530(probes 137805:137953)  	chr10:75255617-81067004(probes 137796:138367)  	0.0085371	  0.0085371		Actual Copy Change Given	-0.31937	0.022304	-0.0055375	0	0.0055529	0.056228	-0.14425	-0.10657	-0.23582	-0.047936	-0.14554	-0.0027707	-0.29355	-0.0069195	-0.016567	-0.070804	-0.080141	0.0027745	0.35381	-0.68232	-0.38112	0	-0.060076	-0.024798	0	-0.12095	1.9504	0.0069435	0.88786	0.0055529	0	-0.51342	0.034959	-0.066788	0.0027745	-0.1975	-0.14168	-0.016567	-0.0027707	-0.36759	-0.21243	-0.10526	-0.01106	-0.028901	-0.060076	-0.12486	-0.20622	-0.26011	0	-0.016567	0.02511	-0.0096806	-0.013815	0	0	0.14206	0.0069435	-0.0096806	-0.52471	-0.0041546	0	-0.0013858	0.13761	0.16895	2.541	0.0041632	0.53854	-0.016567	0.019503	0.20076	-0.12616	0.018103	-0.0083005	-0.016567	1.1866	-0.0013858	-0.25406	-0.016567	-0.028901	-0.0027707	-0.23337	-0.31821	-0.28168	
Amplification Peak 11 - CN values	11q13.3 	chr11:68520416-70284406(probes 149633:149798)  	chr11:68855484-70275275(probes 149668:149797)  	chr11:68530307-70835286(probes 149634:149856)  	0.054543	   0.054543		Actual Copy Change Given	0.023706	0.58112	0.29899	0	0.026514	1.5431	-0.056038	-0.013815	0.17498	0.020903	0.16595	0.019503	-0.28406	-0.013815	1.605	-0.042517	0.011121	-0.0027707	0.38502	0.1155	0.030732	0.064797	0.050534	0.023706	0.087824	-0.17613	-0.034359	0.015308	-0.43734	-0.092081	0.0027745	0.057653	0	0.011121	0.30537	0.060508	-0.0041546	0.020903	-0.024798	-0.26011	0.2642	0.051956	0.029325	0	-0.2781	0.089272	-0.0027707	-0.0055375	-0.0013858	0	0.17046	0.037782	0.0055529	-0.0013858	-0.0027707	0.042024	0.0041632	0.92614	0.097979	0.0027745	0.0013868	-0.0013858	0.13613	0.23457	-0.11182	0.10526	0.013911	0.13169	0.18556	1.023	-0.12875	-0.42211	-0.06142	0.080601	-0.064058	0.0055529	0	0.049114	0	0.0083351	-0.26973	-0.35396	0.57755	
Amplification Peak 12 - CN values	12p12.1 	chr12:24093712-25514791(probes 157502:157571)  	chr12:24103710-25505539(probes 157503:157570)  	chr12:21329947-27156896(probes 157312:157736)  	2.3929e-05	 2.3929e-05		Actual Copy Change Given	0.0097276	0.11111	0.51054	-0.19375	1.2087	1.6301	0.92209	0.23612	0.23923	0.097979	0.39828	0.018103	1.853	-0.59068	0.17196	1.7529	0.019503	0.0055529	0.247	0.064797	0.74157	-0.080141	0.15248	-0.0041546	0.069095	0	0.012516	0.0083351	1.3519	-0.01106	0.0083351	1.1231	-0.14039	0.09217	0.72263	0.3408	0.1155	0.84613	-0.0055375	0.25636	0.03637	0.31819	1.7503	0.27206	0.1038	-0.0041546	0.023706	-0.2589	1.7141	0.015308	0.12874	-0.0083005	-0.0027707	0.0055529	0.89989	-0.31003	0.33918	1.7373	-0.52777	-0.0096806	1.0483	0.23303	0.13613	0.05362	0.24544	0.0055529	-0.53388	0.040609	0	-0.056038	0.48458	0.07053	0.053379	-0.012438	0.39004	0	0.53327	-0.0041546	0.2084	0.0055529	0.10964	0.47255	0.50186	
Amplification Peak 13 - CN values	12q15   	chr12:69297882-71528931(probes 161245:161448)  	chr12:69307648-70704721(probes 161246:161383)  	chr12:69307648-71548600(probes 161246:161450)  	0.10368	    0.12386		Actual Copy Change Given	0.0097276	-0.34939	0.59188	0.0055529	-0.56505	-0.41003	0.21146	-0.034359	-0.24436	-0.089434	-0.070804	0.018103	0.064797	-0.0013858	-0.13005	0.30218	0.019503	0.0055529	0.27048	-0.69051	0.0055529	-0.23948	0.15248	-0.21243	0.069095	0	0.012516	0.0083351	-0.4695	0.037782	0.0083351	-0.50826	-0.14039	-0.16853	-0.32635	-0.16853	0.1155	-0.78749	-0.0055375	1.5727	-0.20124	-0.090758	1.42	0.32141	0.10235	-0.0041546	-0.2	-0.2589	0.57755	0.015308	0.12874	-0.0083005	-0.0027707	0.0055529	0.030732	0.030732	0.011121	0	-0.039801	0.019503	0.015308	0.0041632	0.13613	0.029325	0.0027745	-0.039801	-0.52471	-0.026167	0.89788	-0.056038	0.46741	0.07053	-0.012438	-0.012438	0.089323	0	0.030732	-0.0041546	0.45547	0.0055529	0.17046	0.0027745	0.0069435	
Amplification Peak 14 - CN values	15q26.3 	chr15:97628953-100183245(probes 189638:189787)	chr15:97638939-100173395(probes 189639:189786)	chr15:89198812-102531392(probes 188864:189874)	0.0024537	  0.0024537		Actual Copy Change Given	0.0055529	-0.013815	0.012516	-0.28406	0.0041632	-0.019314	0.0069435	0.24233	1.0168	0.03637	0.03214	0.247	0	-0.023429	0.19162	0.023706	0.015308	0.0041632	0.64634	0.13169	0.36199	0.040609	0.054803	-0.23337	0.047694	-0.080141	-0.60815	0.0069435	1.2966	0.011121	-0.0013858	-0.51445	0.011121	0.0069435	-0.44383	0	0.21453	-0.016567	-0.0055375	0.051956	0	0	-0.0069195	0.034959	-0.13264	-0.0041546	-0.0041546	0.0041632	-0.013815	0	0.061937	0.0041632	-0.015191	0.0027745	-0.042517	-0.039801	-0.0083005	1.9123	-0.013815	-0.0055375	0.0041632	-0.028901	-0.019314	0.1155	0.35871	0.016705	0	-0.093403	0.12579	3.6569	0.03637	0.2642	-0.032996	0.49493	0.090772	-0.015191	-0.20871	-0.0083005	-0.30416	0.0055529	-0.17107	-0.35624	0.25168	
Amplification Peak 15 - CN values	16p13.2 	chr16:1-33735506(probes 189875:192650)          	chr16:7760823-8996130(probes 190277:190321)      	chr16:7760823-9025512(probes 190277:190324)      	0.22458	    0.22458		Actual Copy Change Given	0.039195	0.27837	0.28786	0.41162	0	-0.019314	0.02511	-0.043873	-0.23704	-0.16599	0.077718	0.07053	0.064797	-0.023429	-0.027535	0	0.064797	0.029325	0.65369	0.55974	-0.38224	0.044857	0.02511	0.03214	0.061937	0.061937	0.044857	0.050534	-0.06142	-0.056038	0	0.40327	0.016705	0.09072	0	0.049114	-0.0013858	0.04344	-0.0027707	0.87388	0.2642	-0.039801	0.049114	0.0097276	-0.16345	0	-0.039801	-0.0013858	-0.020687	-0.0069195	-0.49475	0.018103	-0.012438	0	0.013911	-0.13005	-0.0069195	0.49493	-0.16472	0.012516	0	0.72074	0.10964	0.11697	0.20687	0.047694	0.027919	0.013911	-0.022058	0.72641	-0.20498	0.27048	-0.032996	0.47255	-0.080094	0.0013868	0.09217	0	-0.01106	0.037782	-0.19124	-0.056038	0.32947	
Amplification Peak 16 - CN values	17p11.2 	chr17:19278371-19398758(probes 198575:198584)  	chr17:19287985-19398694(probes 198576:198583)  	chr17:19287985-19552476(probes 198576:198596)  	0.17185	    0.18011		Actual Copy Change Given	0.37512	-0.38448	0.012516	-0.35624	-0.54703	0.4777	-0.13652	-0.30768	-0.23948	-0.13005	-0.29709	-0.25285	0.061937	-0.63112	-0.28406	0.015308	-0.41113	0.018103	0.34892	-0.71746	-0.37437	-0.36079	-0.26853	0	-0.35053	-0.22724	-0.5975	0.050534	-0.50929	-0.08413	-0.0013858	-0.49475	-0.36646	-0.16853	-0.30651	0.046275	0.35381	-0.76629	-0.026167	0.067661	-0.21367	-0.035721	0.5865	-0.42211	-0.24192	-0.20871	-0.22724	-0.27691	-0.67866	0.027919	0.12432	0.011121	-0.028901	-0.50619	-0.24679	-0.32054	-0.44921	0.50012	-0.50929	0.75299	-0.57397	-0.33214	-0.19249	0.012516	-0.46312	0.054803	-0.53287	-0.089434	0.19619	0.17046	0.11404	-0.45458	-0.32982	-0.49057	0.81286	0.0041632	-0.5897	-0.52369	-0.29591	0.019503	-0.19875	-0.39897	1.6528	
Amplification Peak 17 - CN values	17q12   	chr17:37776249-37906574(probes 199974:199987)  	chr17:37785559-37898468(probes 199975:199986)  	chr17:32965191-38444005(probes 199515:200042)  	3.2419e-05	  3.889e-05		Actual Copy Change Given	0.033549	-0.38448	0.012516	-0.16853	0.030732	0.49666	0.17799	3.0107	0.23148	0.039195	0.55797	3.6569	0.061937	-0.041159	0.030732	0.015308	0.053379	0.018103	0.28786	0.067661	-0.37437	-0.039801	-0.17866	0	0.42671	0.19162	0.03214	0.050534	0.34567	0.030732	-0.0013858	-0.49475	-0.31003	0.053379	0.12285	0.046275	0.11111	1.5223	-0.026167	0.067661	-0.21367	-0.035721	-0.23582	0.076279	-0.24192	0.09217	-0.045228	0.15995	-0.0083005	0.027919	0.14206	0.011121	-0.028901	-0.10132	0.019503	-0.086784	0.30857	0.50533	0.09072	0.018103	-0.01106	-0.015191	-0.034359	0.3473	-0.46312	0.061937	0.034959	-0.089434	0.19619	-0.38112	0.11404	-0.45458	-0.073476	-0.038442	0.166	0.0041632	0.11404	0.30378	0.42503	0.019503	-0.25164	0.12874	0.029325	
Amplification Peak 18 - CN values	17q23.2 	chr17:60517883-61278300(probes 202116:202184)  	chr17:60663595-61271527(probes 202132:202183)  	chr17:60526065-61343636(probes 202117:202188)  	0.0060187	  0.0072598		Actual Copy Change Given	0.35258	0.22068	0.012516	-0.16853	0.030732	0.36526	0.02511	0.22068	-0.20995	0.039195	0.10526	-0.25769	0.061937	-0.041159	0.030732	0.015308	0.053379	0.018103	0.28786	0.067661	-0.37437	-0.039801	-0.070804	0	1.1016	0.87587	0.5245	0.050534	0.38667	0.030732	-0.0013858	-0.49475	-0.35168	0.053379	-0.30416	0.046275	0.11111	-0.0041546	-0.026167	0.067661	-0.21367	-0.035721	-0.51651	0.076279	-0.24192	0.09217	-0.15195	-0.27093	-0.0083005	0.027919	0.13465	0.011121	-0.028901	-0.49371	0.019503	-0.31704	-0.0096806	-0.0096806	3.6569	0.018103	-0.023429	-0.015191	0.0069435	0.48975	-0.46312	0.061937	0.034959	-0.089434	0.066229	0.049114	0.11404	-0.45458	-0.073476	-0.038442	0.166	0.0041632	0.11404	0.30378	0.079159	0.019503	0.16895	0.12874	0.044857	
Amplification Peak 19 - CN values	19p13.12	chr19:15112417-15861457(probes 204872:204953)  	chr19:15122247-15740158(probes 204873:204938)  	chr19:15122247-15879221(probes 204873:204955)  	0.15859	    0.15859		Actual Copy Change Given	0.04344	-0.39453	-0.0096806	-0.026167	-0.54199	-0.40008	0.022304	-0.11051	0.11111	-0.13393	0.15846	0.70945	-0.29355	2.6719	-0.14039	-0.41003	-0.40893	0.029325	-0.32635	-0.71033	-0.3755	-0.039801	-0.086784	-0.0055375	-0.34251	-0.027535	-0.25648	0.073402	-0.017941	0.053379	-0.022058	0.39164	-0.038442	-0.086784	-0.36193	0.049114	-0.11835	-0.034359	-0.020687	-0.30534	-0.21861	-0.19625	-0.501	-0.36646	-0.26733	-0.11704	-0.041159	-0.024798	-0.034359	0.030732	-0.42865	0.0027745	-0.026167	-0.50826	0.02511	-0.13005	-0.046583	-0.030267	-0.50411	-0.0027707	-0.047936	1.4774	-0.20374	0.17498	-0.49996	0.073402	0.027919	-0.10526	0.084932	-0.090758	-0.090758	-0.26733	-0.30416	-0.049289	-0.2431	0.0055529	0.36035	-0.093403	-0.090758	0.03214	-0.2781	-0.060076	-0.26252	
Amplification Peak 20 - CN values	19q13.11	chr19:33349952-34521670(probes 206046:206149)  	chr19:33904370-34291283(probes 206104:206140)  	chr19:28297051-41752734(probes 205815:206878)  	1.2978e-05	   0.056581		Actual Copy Change Given	0.04344	-0.39453	0.28311	-0.3471	0.50359	0.37841	0.022304	0.56863	0	-0.13393	0.013911	0.38998	2.1814	2.2723	0.28786	-0.41003	-0.40893	0.029325	0.30537	0.053379	0.34567	-0.039801	-0.086784	-0.0055375	-0.34251	0.67215	0.59908	0.073402	0.41999	0.053379	-0.022058	1.8264	-0.038442	-0.086784	-0.39453	0.049114	0.10964	-0.034359	-0.020687	0.17196	-0.0041546	-0.19375	0.051956	1.1275	-0.28287	0.042024	-0.041159	-0.024798	-0.017941	0.030732	0.16595	0.0027745	-0.026167	0.42839	-0.0055375	0.62079	-0.046583	0.48458	-0.50411	-0.0027707	-0.047936	0.0055529	-0.20374	0.17046	0.24856	0.073402	-0.44706	0.082043	0.22684	-0.090758	0.36854	-0.26733	-0.057385	-0.049289	0.083538	0.0055529	0.36035	-0.093403	0.14206	0.03214	0.14206	1.1188	-0.26252	
Amplification Peak 21 - CN values	19q13.2 	chr19:40086163-40207255(probes 206710:206722)  	chr19:40096128-40197274(probes 206711:206721)  	chr19:28297051-41752734(probes 205815:206878)  	2.9595e-11	 8.2671e-10		Actual Copy Change Given	0.04344	-0.39453	0.28311	0.27206	0.50359	0.37841	0.022304	1.1362	0	-0.13393	0.013911	2.1325	2.4229	2.1439	1.0568	-0.41003	-0.40893	0.029325	0.30537	0.053379	0.34567	-0.039801	-0.086784	-0.0055375	-0.34251	0.76638	1.4846	0.073402	0	0.053379	-0.022058	3.6569	-0.038442	-0.086784	-0.39453	0.049114	0.10964	-0.034359	-0.020687	0.17196	-0.0041546	-0.19375	0.051956	1.283	-0.28287	0.042024	-0.041159	-0.024798	-0.017941	0.030732	0.16595	0.0027745	-0.026167	0.40327	-0.0055375	1.451	-0.046583	0.48458	0.39828	-0.0027707	-0.047936	0.0055529	-0.20374	0.17046	0.27521	0.073402	-0.44706	0.082043	0.22684	-0.090758	0.36854	-0.26733	-0.057385	-0.64476	0.083538	0.0055529	0.36035	-0.11704	0.14206	0.03214	-0.31704	3.0525	-0.26252	
Amplification Peak 22 - CN values	19q13.41	chr19:51847828-52827373(probes 207926:208024)  	chr19:52327869-52477673(probes 207974:207989)  	chr19:51857794-55003158(probes 207927:208246)  	0.0027949	   0.012608		Actual Copy Change Given	0.04344	-0.39453	0.79723	-0.34595	0.50359	0.88186	0.022304	-0.0041546	0	0.0097276	0.013911	0.010355	0.53327	-0.10132	0	-0.18873	-0.40893	0.029325	0.30537	0.053379	0.34567	-0.039801	-0.086784	-0.0055375	-0.34251	0.24856	-0.61003	0.073402	0	0.053379	-0.022058	-0.48953	-0.038442	-0.086784	-0.15452	0.049114	0.10964	-0.034359	-0.020687	0.17196	-0.0041546	-0.19375	0.051956	0.59009	-0.28287	0.042024	-0.041159	-0.024798	-0.66947	0.030732	0.063366	0.0027745	-0.026167	0.40327	-0.0055375	-0.31471	-0.046583	0.48458	0.39828	-0.0027707	-0.047936	0.0055529	0.12579	0.17046	0.79723	0.45037	-0.44706	0.082043	0.22684	-0.069466	0.34567	-0.26733	-0.057385	-0.058731	0.083538	0.0055529	0.36035	-0.11704	0.14206	0.03214	0.52625	3.2817	-0.26252	
Deletion Peak  1 - CN values	1p36.11 	chr1:16776304-31195862(probes 1458:2829)        	chr1:27272591-27533460(probes 2525:2551)        	chr1:1-33179658(probes 1:3040)                   	1.1831e-06	 1.1831e-06		Actual Copy Change Given	0.016705	-0.36759	0	-0.26131	-0.53794	-0.38224	-0.14168	0.029325	-0.23826	-0.15324	0	0.022304	0.30058	0.0013868	-0.089434	-0.18496	0.0083351	0	-0.0055375	-0.68141	-0.37098	-0.15579	-0.18873	-0.17866	-0.36873	0.0097276	-0.55707	-0.0013858	-0.45351	0.076279	0	0.013911	-0.12875	-0.10263	-0.085457	-0.06142	0.11111	-0.76029	0	-0.3112	-0.20249	-0.15579	-0.23092	-0.016567	-0.29473	-0.12095	0.0055529	0	0.0013868	-0.01106	-1.2181	-0.0069195	-0.0083005	0.0069435	0.067661	0	0.0069435	-0.016567	0.0055529	0.0083351	-0.56604	0.0055529	-0.15195	-0.01106	-0.035721	-0.56829	-0.53401	0.012516	0.067661	-0.045228	-0.46844	0.14801	-0.34366	-0.019314	-0.24553	-0.0027707	-0.22846	-0.54098	-0.18999	-0.0013858	-0.21491	-0.2781	-0.26252	
Deletion Peak  2 - CN values	3p21.2  	chr3:29466467-66303656(probes 44039:47579)      	chr3:50338085-53372175(probes 46113:46421)      	chr3:29476463-66323585(probes 44040:47581)      	0.00077043	 0.00077043		Actual Copy Change Given	0.012516	-0.3755	0.0013868	-0.20622	0.0083351	-0.031632	-0.14682	-0.097363	0.16745	-0.15324	-0.062764	0.0083351	-0.01106	0	-0.26252	-0.64151	-0.41333	0.0083351	-0.23459	-0.66947	0.034959	-0.3471	-0.29591	-0.0013858	-0.28287	-0.20622	0.022304	-0.017941	-0.022058	-0.096044	0.016705	-0.039801	-0.11704	-0.019314	-0.38783	-0.1391	-0.0041546	-0.73073	0.012516	0.57041	-0.18622	-0.2407	-0.5349	-0.77905	-0.23948	-0.15195	0.018103	0.016705	-0.66114	0.0013868	-0.53896	0.0097276	0.0083351	0.0083351	-0.25769	-0.30298	-0.41223	0.29899	0.13761	0.0083351	0.0027745	-0.32751	0	0.23303	0.079159	-0.55807	-0.52777	0.047694	-0.0027707	0.27363	0.03214	-0.19375	0.0083351	-0.61201	0	0.0027745	-0.31587	-0.44383	0.0055529	-0.74212	-0.13135	-0.33791	-0.29473	
Deletion Peak  3 - CN values	6q25.3  	chr6:70598973-171115067(probes 92401:101223)   	chr6:158927614-160157236(probes 101014:101132)	chr6:158613183-171115067(probes 100986:101223)	0.056232	   0.056232		Actual Copy Change Given	-0.20871	-0.34824	-0.0013858	-0.051991	-0.57397	0.26106	-0.1736	0.089272	-0.24314	-0.14811	-0.16726	-0.0041546	-0.29591	-0.0027707	0	-0.076145	-0.043873	-0.0027707	-0.51548	-0.72809	-0.21861	-0.17613	-0.089434	-0.068127	-0.38112	-0.22108	0.019503	-0.11835	0.39828	-0.017941	-0.0069195	-0.066788	-0.28406	-0.074811	-0.01106	-0.064106	-0.035721	-0.022058	0.02511	0.2548	-0.35965	-0.046583	-0.54401	-0.42757	0.012516	-0.15067	-0.17613	-0.26252	-0.6537	-0.032996	-0.14425	-0.047936	-0.0041546	-0.48638	-0.11051	-0.18496	-0.41333	-0.0083005	-0.16853	-0.0055375	0	0	-0.13393	-0.057385	-0.3923	-0.61201	-0.012438	-0.0096806	-0.045228	-0.28049	-0.20622	0.067661	0.034959	-0.019314	-0.25523	0.0055529	0.022304	-0.45244	-0.29118	-0.015191	0.054803	0.04344	-0.089434	
Deletion Peak  4 - CN values	7q31.33 	chr7:100601843-159138663(probes 109819:113878)	chr7:124675345-126935976(probes 112191:112391)	chr7:123610252-127321951(probes 112088:112429)	0.051215	   0.051215		Actual Copy Change Given	0	-0.3642	-0.01106	-0.33906	-0.0069195	0.28311	0.17347	-0.068127	-0.25553	-0.15452	-0.29591	0	-0.25164	-0.013815	0.084932	-0.10788	0.013911	0.0013868	-0.43951	-0.5975	0.012516	0	-0.076145	0.0055529	-0.37887	-0.16599	0.023706	0.73587	-0.3923	0.012516	-0.28525	-0.55907	-0.15452	-0.19625	0.03214	-0.035721	0.11404	0.64818	0.022304	-0.0041546	0.039195	0.050534	0.026514	0.26106	0.030732	-0.14554	-0.0013858	0	-0.013815	0.018103	-0.043873	0	0.0097276	0.0041632	0.4402	0.18404	-0.0069195	-0.015191	0.095072	-0.34939	-0.0069195	0.012516	0.13465	-0.020687	-0.15707	-0.017941	-0.0096806	-0.019314	0.12138	-0.043873	0.087824	0.067661	-0.29236	0	-0.2516	-0.0055375	0.33108	-0.46632	0.0041632	-0.0027707	0.10235	0.30218	0.2548	
Deletion Peak  5 - CN values	8p23.1  	chr8:1-28937524(probes 113879:116119)            	chr8:8103020-9667630(probes 114047:114193)        	chr8:1-35408745(probes 113879:116589)            	1.7511e-05	   0.094351		Actual Copy Change Given	-0.020687	-0.36873	-0.038442	-0.36533	-0.57891	-0.81819	-0.35852	0.20228	-0.23948	-0.080141	-0.1391	-0.27212	-0.65463	-0.61201	0.0069435	0.32463	-0.44275	-0.0013858	-0.45565	-0.69233	0.0055529	-0.20622	-0.085457	-0.2407	-0.049289	-0.248	-0.60526	0.03214	-0.44814	-0.12095	-0.0069195	-1.0374	-0.31587	-0.11965	-0.39453	-0.19375	-0.0013858	0	0.016705	-0.82391	-0.22724	-0.070804	-0.51753	-0.39897	0	0.1155	-0.1975	-0.27929	-0.028901	0.011121	-0.49892	0.0055529	0.0097276	-0.51548	0.19314	-0.38112	-0.45029	-0.60138	-0.52777	-0.017941	-0.56505	0.011121	-0.15324	0.060508	-0.44059	-0.046583	-0.55407	-0.11443	-0.27452	-0.46525	0.080601	-0.49162	-0.24679	0.0013868	-0.25039	0.0041632	-0.63112	-0.43192	-0.56306	0.0069435	-0.12616	-0.35624	-0.33676	
Deletion Peak  6 - CN values	8p21.2  	chr8:1-33376986(probes 113879:116410)            	chr8:25193802-25897705(probes 115739:115809)    	chr8:1-35408745(probes 113879:116589)            	5.6079e-06	  0.0097766		Actual Copy Change Given	-0.020687	-0.36873	-0.33791	-0.36533	-0.57891	-0.81819	-0.35852	0.050534	-0.23948	-0.080141	-0.1391	-0.27212	-0.65463	-0.61201	0.0069435	0.32463	-0.44275	-0.0013858	-0.45565	-0.72367	0.0055529	-0.20622	-0.085457	-0.2407	-0.049289	0.32947	-0.60526	0.03214	-0.44814	-0.12095	-0.0069195	-1.0374	-0.31587	-0.11965	-0.39453	-0.19375	-0.0013858	0	0.016705	-0.82391	-0.22724	-0.070804	-0.53388	-0.39897	0	0.1155	-0.1975	-0.27929	-0.028901	0.011121	-0.49892	0.0055529	0.0097276	-0.51548	-0.28881	-0.38112	-0.45029	-0.60138	-0.52777	-0.017941	-0.56505	0.011121	-0.15324	0.060508	-0.44059	0.079159	-0.55407	-0.11443	-0.27452	0.24078	0.080601	-0.49162	-0.24679	0.0013868	-0.44271	0.0041632	-0.63112	-0.43192	-0.56306	0.0069435	-0.12616	-0.35624	-0.33676	
Deletion Peak  7 - CN values	9p21.3  	chr9:21853650-22447421(probes 128205:128216)    	chr9:21862029-22447301(probes 128206:128215)    	chr9:1-34400744(probes 126365:128846)             	3.0177e-75	 3.0177e-75		Actual Copy Change Given	-0.33214	-0.77905	-0.0069195	-0.53287	-1.2929	-1.2929	-0.14297	-0.29591	-0.69685	-0.13781	-0.87728	-0.28525	-1.2929	-1.2929	-0.28287	-0.32286	-0.99722	-0.0013858	-0.47797	-1.2929	-0.065447	-0.82554	-0.21119	-0.25648	-0.3755	-0.21491	-0.019314	-0.016567	-1.2929	-0.20374	-0.0055375	-1.2929	-0.30416	-0.12356	-1.2914	-0.11051	-0.013815	-1.2929	-0.0055375	-1.2914	-0.56803	-0.22601	-1.2187	-0.40782	0	-0.22355	-0.16853	-0.27332	-0.65557	-0.020687	-0.62732	-0.045228	-0.0096806	-1.2078	-0.90949	-0.50722	-0.4232	-1.2613	-0.51548	-0.84331	-0.55607	-0.32403	-0.11704	-0.20871	-1.2929	-0.53591	-0.54603	-0.10132	-0.14939	-1.1432	-1.2011	-0.16345	0.052675	-1.2929	-0.64054	0.0055529	-1.2929	-0.1774	-0.30181	-0.77481	-0.0067938	-0.70136	-0.069466	
Deletion Peak  8 - CN values	10p12.31	chr10:19017623-19445102(probes 132959:132981)  	chr10:19027191-19435114(probes 132960:132980)  	chr10:19027191-19465077(probes 132960:132983)  	0.062176	   0.062176		Actual Copy Change Given	-0.01106	-0.47268	-0.0055375	0	0.0055529	-0.33445	-0.14425	0.27363	0.16595	-0.047936	-0.14554	-0.0027707	-0.29355	-0.58579	-0.016567	-0.070804	-0.037082	0.0027745	0.086377	0.082043	0.31338	-0.38336	-0.060076	-0.024798	0	0.083487	-0.61297	0.0069435	0.016705	0.0055529	0	-0.051991	0.034959	-0.066788	-0.81162	-0.1975	-0.14168	-0.016567	-0.0027707	-0.36759	0.0055529	-0.10526	-0.01106	-0.45779	-0.060076	-0.12486	-0.20622	0.011121	0	-0.016567	0.02511	-0.0096806	-0.013815	0	0.2176	0.14206	0.0069435	0.49839	-0.52471	-0.0041546	0	-0.0013858	0.13761	-0.013815	-0.41443	0.0041632	-0.53896	-0.016567	0.019503	0.20076	-1.2437	0.018103	-0.0083005	-0.016567	-0.2516	-0.0013858	-0.25406	-0.016567	-0.045228	-0.0027707	0.050534	0.25324	-0.28168	
Deletion Peak  9 - CN values	13q12.11	chr13:1-23959312(probes 166637:166957)         	chr13:1-23708715(probes 166637:166932)         	chr13:1-23737732(probes 166637:166935)         	0.19545	    0.19545		Actual Copy Change Given	-0.039801	0.039195	-0.013815	-0.37887	-0.026167	-0.11965	-0.022058	-0.15324	0.18859	0.023706	-0.23459	-0.023429	0.27048	-0.57496	-0.0055375	-0.041159	-0.039801	-0.0027707	0.05908	-0.54603	-0.41113	0.0097276	-0.22355	-0.034359	0.012516	-0.14297	-0.61297	-0.046583	0.34567	0.13022	-0.020687	-0.045228	0.019503	0.047694	-0.046583	-0.10657	0.1155	0.56685	0.069095	-0.080141	-0.53997	0.07053	0.012516	-0.36079	0.0069435	-0.12875	0.019503	-0.24314	-0.66114	0.0055529	0.026514	-0.049289	0	-0.41773	-0.032996	-0.13523	-0.0027707	-0.48953	-0.60719	-0.01106	-0.3642	-0.015191	-0.15195	-0.026167	-0.12875	0.033549	-0.020687	0	-0.065447	-0.39118	0.097979	-0.91927	0.044857	-0.0055375	-0.08541	-0.016567	-0.27929	-0.46525	-0.046583	0.62079	0.087824	-0.32286	-0.36079	
Deletion Peak 10 - CN values	17p11.2 	chr17:18344598-18492876(probes 198485:198497)  	chr17:18344604-18483925(probes 198486:198496)  	chr17:1-21203824(probes 198170:198770)         	3.0635e-09	 3.0635e-09		Actual Copy Change Given	0.37512	-0.38448	0.012516	-0.35624	-0.54703	0.4777	-0.13652	-0.30768	-0.23948	-0.13005	-0.29709	-0.25285	0.061937	-0.63112	-0.28406	0.015308	-0.41113	0.018103	0.34892	-0.71746	-0.37437	-0.36079	-0.26853	0	-0.35053	-0.22724	-0.5975	0.050534	-0.50929	-0.08413	-0.0013858	-0.49475	-0.36646	-0.16853	-0.30651	0.046275	0.35381	-0.76629	-0.026167	0.067661	-0.21367	-0.035721	-0.52369	-0.42211	-0.24192	-0.20871	-0.22724	-0.27691	-1.2929	0.027919	-0.44167	0.011121	-0.028901	-0.50619	-1.1313	-0.32054	-0.44921	0.50012	-0.50929	-0.36533	-0.57397	-0.33214	-0.19249	0.012516	-0.46312	0.054803	-0.53287	-0.089434	-0.081472	-0.39675	0.11404	-0.45458	-0.32982	-0.49057	-0.1039	0.0041632	-0.5897	-0.52369	-0.29591	0.019503	-0.19875	-0.39897	0.056228	
Deletion Peak 11 - CN values	19p13.3 	chr19:1872647-2083580(probes 203524:203543)      	chr19:1881546-2076833(probes 203525:203542)      	chr19:1-12812873(probes 203491:204642)          	4.4399e-05	 4.4399e-05		Actual Copy Change Given	0.04344	-0.39453	-0.0096806	-0.026167	-0.54199	-0.40008	0.022304	-0.11051	-0.31237	-0.13393	-0.037082	-0.22601	-0.29355	-0.62636	-0.14039	-0.41003	-0.40893	0.029325	-0.32635	-0.71033	-0.3755	-0.039801	-0.086784	-0.0055375	-0.34251	-0.21491	-0.25648	0.073402	-1.0103	0.053379	-0.022058	-0.015191	-0.038442	-0.086784	-0.36193	0.049114	-0.11835	-0.034359	-0.020687	-0.72985	-0.21861	-0.31821	-0.501	-0.36646	-0.26733	0.0055529	-0.29	-0.024798	-0.64246	0.030732	-0.42865	0.0027745	-0.026167	-0.50826	0.02511	-0.35965	-0.45779	-0.030267	-0.50411	-0.0027707	-0.55005	-0.31471	-0.21243	0.17498	-0.49996	-0.48533	0.027919	-0.10526	0.084932	-0.090758	-0.082801	-0.26733	-0.30416	-0.049289	-0.2431	0.0055529	-0.56604	-0.093403	-0.090758	0.03214	-0.21985	-0.060076	-0.26252	
